00010000000000000000000000000001
00010000000000000000000000000001
00010000000000000000000000000001
00010000000000000000000000000001
00010000000000000000000000000001
00010000000000000000000000000001
00010000000000000000000000000001
00010000000000000000000000000001
00010000000000000000000000000001
00010000000000000000000000000001
00010000000000000000000000000001
00010000000000000000000000000001
00010000000000000000000000000001
00010000000000000000000000000001
00010000000000000000000000000001
00010000000000000000000000000001
00010000000000000000000000000001
00010000000000000000000000000001
00010000000000000000000000000001
00010000000000000000000000000001
00010000000000001111111111101100
00100000000000010000000000000001
