00000000000000000000000000000000
00000000000000000000000000000001
00000000000000000000000001111000
00000000000000000000000000000001
00000000000000000000000000100000
00000000000000000000000000001101
00000000000000000000000000000011
00000000000000000000000001001000
11111111111111111111111111111010
11111111111111111111111111110100
00000000000000000000000000000000
00000000000000000000000000000000
00000000000000000000000000000000
00000000000000000000000000000000
00000000000000000000000000000000
00000000000000000000000000000000
00000000000000000000000000000000
00000000000000000000000000000000
00000000000000000000000000000000
00000000000000000000000000000000
00000000000000000000000000000000
00000000000000000000000000000000
00000000000000000000000000000000
00000000000000000000000000000000
00000000000000000000000000000000
00000000000000000000000000000000
00000000000000000000000000000000
00000000000000000000000000000000
00000000000000000000000000000000
00000000000000000000000000000000
00000000000000000000000000000000
00000000000000000000000000000000
